ZhihuRec-1M local raw CSV check
Generated from official THUIR Seafile share by taking README top-N lines.

inter_impression.csv: downloaded top 999970 lines, 25412616 bytes
inter_query.csv: downloaded top 38422 lines, 1072194 bytes
info_user.csv: downloaded top 7974 lines, 1359206 bytes
info_answer.csv: downloaded top 81563 lines, 159429843 bytes
info_question.csv: downloaded top 29340 lines, 2626853 bytes
info_author.csv: downloaded top 47888 lines, 618691 bytes
info_topic.csv: downloaded top 22897 lines, 126272 bytes
info_token.csv: downloaded top 249586 lines, 185937912 bytes

Samples:

== inter_impression.csv ==
0,0,1525871588,1525871593
0,1,1525871638,1525871641
0,2,1525871638,1525871650

== inter_query.csv ==
0,8481 8482,1525990329
0,8481 8482,1525990413
0,8481 8482,1525990468

== info_user.csv ==
0,1522145055,0,0,0,1,0,0,0,0,0,0,0,0,0,2,1,0,0,0,0,82,12,1,0,1,0
1,1385885243,2,0,6,4,11,8,2,2,1,1,36,0,0,0,1,0,0,1,0,15,6,1,6,8,1 2 3 4
2,1518065738,2,0,1,1,2,1,0,0,0,0,7,1,3,2,1,0,0,0,0,347,15,1,14,76,5

== info_answer.csv ==
0,0,0,0,1,0,1521906876,0,1,1282,9073,684,6277,146,0,40,0 1 2 3 4 5 3 6 7 8 9 1 10 11 12 13 14 15 16 17 18 19 20 21 22 23 24 25 26 27 28 29 30 10 31 32 26 33 16 34 35 16 36 37 38 39 40 22 41 16 27 42 43 44 45 46 47 48 49 50 51 52 53 54 55 6 56 57 58 59 60 61 51 62 63 16 64 37 38 39 40 65 43 66 67 68 16 17 26 69 70 71 72 73 74 6 75 60 76 26 77 78 27 79 30 71 80 65 81 82 49 83 84 74 85 86 87 88 89 90 78 14 91 92 93 11 90 94 95 54 96 97 75 59 16 77 37 38 39 98 99 16 69 100 101 102 59 103 104 46 105 
1,1,0,1,0,0,1524045330,1,0,607,10160,539,813,53,0,18,165 166 67 166 167 166 167 168 166 169 166 170 18 67 168 171 172 173 18 174 97 175 166 170 176 177 112 178 179 180 175 181 182 178 183 114 184 185 186 166 167 74 187 188 189 166 170 32 190 166 191 192 189 16 193 194 171 147 8 195 196 32 197 198 32 199 174 200 171 147 201 86 202 203 204 205 206 175 166 170 207 208 209 16 114 181 210 211 178 183 212 213 16 214 146 97 166 167 215 146 97 166 216 177 217 218 219 220 221 222 16 214 223 166 26 224 22
2,2,0,2,0,0,1525614098,0,0,323,5275,217,144,111,0,23,14 616 14 617 618 16 619 620 166 621 16 622 623 166 51 426 624 625 626 239 67 627 16 628 629 630 519 348 193 631 314 632 221 633 634 114 165 14 633 635 519 248 119 16 636 97 166 239 637 12 628 638 352 639 146 631 640 67 641 642 201 229 124 643 644 14 645 97 646 647 648 314 293 219 649 650 651 652 16 67 166 239 194 653 649 650 16 193 654 655 656 290 132 657 658 659 660 166 165 628 459 52 644 166 661 662 663 664 665 16 666 312 166 114 667 26 166

== info_question.csv ==
0,1521549457,152,2300,1115,18,3533 227 16 10938 67 229,12585 8177 5022 17842
1,1511224941,2402,9045,2313,14,147 65 82 9719 16 98 591 16 620 131,1604
2,1361856073,1199,6500,234,90,627 67 231 68 16 82,1682 2743 2 8881

== info_author.csv ==
0,0,4027,0
1,0,681,0
2,0,84,0

== info_topic.csv ==
0
1
2

== info_token.csv ==
0,0.18647839 -1.0848917 -2.2597835 -0.24685286 -2.0573795 -3.842347 1.2209803 2.0150096 -0.73878765 0.24134074 3.0617554 -2.773874 1.814101 3.7080348 2.0630145 -0.016718537 -3.5774353 0.6175657 -0.5596101 0.5971201 1.10191 3.1973023 -4.9050775 -0.46653885 2.3695955 1.8999121 0.07869513 1.1600326 3.7025757 -2.7008986 -2.7107577 -0.20844445 0.93066525 -3.3239388 -0.7755093 -2.0464058 -0.028890843 0.59625393 1.2819756 -2.155813 -1.1174127 1.6839498 -0.5705867 1.7883757 -1.2197471 0.51335824 1.67996
1,-0.1335597 -1.6348323 -0.75532466 -2.754164 -2.2158384 1.3287369 -0.033162694 6.2858396 -0.9760118 1.3246356 -1.9173232 -2.0004647 2.1380699 -0.18765344 -0.16129895 0.4028066 -6.0411506 -1.1826785 2.6532636 -1.7979144 0.034570023 -4.1605067 -3.3782246 -6.689243 -1.108698 2.425502 2.2365448 -0.7046334 3.7023408 -6.445663 -5.7220697 4.4446464 -2.086873 1.7555821 -4.2420597 1.4406163 1.7942586 4.160903 -5.2484636 -0.6703729 -2.9193814 -4.766381 -2.874917 -2.1048598 -2.305668 -3.4999533 0.6755688 
2,1.5527494 1.2358022 1.531786 0.37483546 1.9127451 -1.1925261 1.8308202 1.308832 -3.6932237 0.5717298 0.43518493 -1.074524 -3.0253246 1.4745935 0.23838158 -1.9988197 -2.3538644 1.5517411 -1.1569518 -0.5887414 0.6725279 -0.14635311 1.0407213 0.8505035 -0.9312445 -3.5138695 2.1817453 1.7394925 -3.6380582 -3.8197854 -1.347861 3.8277905 -2.8887393 -1.8492304 0.48136413 0.4281749 0.03512162 -1.452218 -2.1271474 -2.667878 1.8343921 0.3521357 0.82473546 -1.2927012 0.48241752 -0.6243308 -1.7864492 0.97
